Zm00001d002172_T001.RefGen_V4 -           1091 PAN_1                PF00024.32    76   8.8e-07   31.4   6.1   1   2   9.6e-06     0.039   16.5   0.3     3    40    58    96    49   128 0.85 -

Zm00001d002172_T001.RefGen_V4 -           1091 PAN_1                PF00024.32    76   8.8e-07   31.4   6.1   2   2   9.1e-06     0.037   16.6   1.2    20    50   756   794   734   811 0.74 -

Zm00001d037783_T001.RefGen_V4 -            817 PAN_1                PF00024.32    76   1.3e-05   27.7   1.0   1   1   6.2e-09   2.5e-05   26.8   1.0     2    52   351   401   342   420 0.90 -

Zm00001d016681_T001.RefGen_V4 -            511 PAN_1                PF00024.32    76   1.7e-05   27.4   0.2   1   1     9e-09   3.7e-05   26.2   0.2    17    56   370   409   358   425 0.84 -

Zm00001d051205_T001.RefGen_V4 -            443 PAN_1                PF00024.32    76   2.4e-05   26.9   0.7   1   1   1.2e-08   4.8e-05   25.9   0.7    18    57   303   342   295   357 0.82 -

Zm00001d032161_T001.RefGen_V4 -            317 PAN_1                PF00024.32    76   2.4e-05   26.9   0.0   1   1     1e-08   4.2e-05   26.1   0.0    17    56   176   215   163   231 0.83 -

Zm00001d021737_T001.RefGen_V4 -            826 PAN_1                PF00024.32    76   2.4e-05   26.8   2.6   1   1   1.4e-08   5.6e-05   25.7   2.6     5    58   361   411   345   425 0.84 -

Zm00001d018185_T001.RefGen_V4 -            882 PAN_1                PF00024.32    76   0.00014   24.4   1.0   1   1     8e-08   0.00033   23.2   1.0    22    65   369   414   356   422 0.83 -

Zm00001d018182_T001.RefGen_V4 -            891 PAN_1                PF00024.32    76   0.00015   24.3   1.0   1   1   8.1e-08   0.00033   23.2   1.0    22    65   376   421   363   429 0.83 -

Zm00001d037973_T001.RefGen_V4 -            858 PAN_1                PF00024.32    76   0.00017   24.1   1.1   1   1   1.1e-07   0.00044   22.8   1.1     3    53   368   418   358   434 0.89 -

Zm00001d037810_T025.RefGen_V4 -            540 PAN_1                PF00024.32    76   0.00021   23.8   1.0   1   1   1.2e-07    0.0005   22.6   1.0    20    59   139   178   122   194 0.78 -

Zm00001d025390_T001.RefGen_V4 -            798 PAN_1                PF00024.32    76   0.00022   23.8   0.1   1   1   1.3e-07   0.00052   22.6   0.1     5    55   361   413   357   427 0.85 -

Zm00001d045207_T001.RefGen_V4 -            789 PAN_1                PF00024.32    76   0.00024   23.6   0.3   1   1   1.2e-07    0.0005   22.6   0.3     3    52   338   387   327   392 0.83 -

Zm00001d037810_T026.RefGen_V4 -            741 PAN_1                PF00024.32    76   0.00032   23.3   1.0   1   1   1.8e-07   0.00075   22.0   1.0    20    59   296   335   279   351 0.78 -

Zm00001d037810_T024.RefGen_V4 -            881 PAN_1                PF00024.32    76   0.00041   22.9   1.0   1   1   2.3e-07   0.00094   21.7   1.0    20    59   436   475   419   491 0.78 -

Zm00001d037810_T008.RefGen_V4 -           1144 PAN_1                PF00024.32    76   0.00053   22.5   1.0   1   1   3.1e-07    0.0013   21.3   1.0    20    59   436   475   419   491 0.78 -

Zm00001d037810_T002.RefGen_V4 -           1198 PAN_1                PF00024.32    76   0.00057   22.4   1.0   1   1   3.3e-07    0.0014   21.2   1.0    20    58   436   472   419   491 0.78 -

Zm00001d037810_T009.RefGen_V4 -           1198 PAN_1                PF00024.32    76   0.00057   22.4   1.0   1   1   3.3e-07    0.0014   21.2   1.0    20    58   436   472   419   491 0.78 -

Zm00001d039327_T001.RefGen_V4 -            431 PAN_1                PF00024.32    76    0.0012   21.4   0.6   1   1   7.9e-07    0.0033   20.0   0.6    19    51   118   147   108   164 0.86 -

Zm00001d052513_T001.RefGen_V4 -            500 PAN_1                PF00024.32    76    0.0013   21.3   0.3   1   1   7.8e-07    0.0032   20.0   0.3    20    58   372   410   353   425 0.77 -

Zm00001d051853_T001.RefGen_V4 -            311 PAN_1                PF00024.32    76    0.0014   21.2   2.7   1   1   6.1e-07    0.0025   20.4   2.7    20    69    75   123    72   130 0.76 -

Zm00001d046370_T001.RefGen_V4 -            819 PAN_1                PF00024.32    76    0.0015   21.1   0.5   1   1   7.3e-07     0.003   20.1   0.5     2    53   338   389   332   402 0.89 -

Zm00001d043923_T001.RefGen_V4 -            811 PAN_1                PF00024.32    76    0.0017   20.9   0.1   1   1   9.9e-07    0.0041   19.7   0.1    16    52   360   396   346   406 0.79 -

Zm00001d003723_T001.RefGen_V4 -            811 PAN_1                PF00024.32    76    0.0018   20.9   0.2   1   1   9.1e-07    0.0037   19.8   0.2     8    55   358   404   352   422 0.79 -

Zm00001d016223_T001.RefGen_V4 -            815 PAN_1                PF00024.32    76    0.0019   20.8   0.6   1   1   1.2e-06    0.0049   19.4   0.6     8    54   393   444   384   463 0.85 -

Zm00001d031230_T001.RefGen_V4 -            962 PAN_1                PF00024.32    76    0.0021   20.6   0.1   1   1   1.2e-06    0.0048   19.5   0.1    22    58   455   491   440   503 0.82 -

Zm00001d020703_T001.RefGen_V4 -            905 PAN_1                PF00024.32    76    0.0045   19.6   0.6   1   1   2.2e-06    0.0092   18.6   0.6    18    56   375   412   362   429 0.85 -

Zm00001d011551_T001.RefGen_V4 -            810 PAN_1                PF00024.32    76    0.0067   19.0   1.2   1   1   3.7e-06     0.015   17.9   1.2     3    45   343   385   330   398 0.86 -

Zm00001d045950_T002.RefGen_V4 -            840 PAN_1                PF00024.32    76    0.0068   19.0   0.2   1   1   3.8e-06     0.016   17.8   0.2    21    56   379   413   361   427 0.86 -

Zm00001d045950_T001.RefGen_V4 -            843 PAN_1                PF00024.32    76    0.0068   19.0   0.2   1   1   3.8e-06     0.016   17.8   0.2    21    56   382   416   364   430 0.86 -

Zm00001d045950_T004.RefGen_V4 -            843 PAN_1                PF00024.32    76    0.0068   19.0   0.2   1   1   3.8e-06     0.016   17.8   0.2    21    56   382   416   364   430 0.86 -

Zm00001d045950_T003.RefGen_V4 -            849 PAN_1                PF00024.32    76    0.0069   19.0   0.2   1   1   3.8e-06     0.016   17.8   0.2    21    56   388   422   370   436 0.86 -

Zm00001d023394_T001.RefGen_V4 -            516 PAN_1                PF00024.32    76    0.0072   18.9   0.1   1   1   1.8e-06    0.0072   18.9   0.1    19    58   386   424   366   438 0.79 -

