ChrUn.fgenesh.mRNA.11.MSUv7.0 -           1151 RNase_H              PF00075.30   141   7.4e-06   27.7   0.0   1   1   6.6e-09   3.2e-05   25.6   0.0     5   140   765   888   761   889 0.67 -

ChrSy.fgenesh.mRNA.77.MSUv7.0 -           1378 RNase_H              PF00075.30   141   5.5e-05   24.9   0.0   1   1   4.4e-08   0.00021   23.0   0.0     8    93   906   995   899  1005 0.74 -

LOC_Os12g31630.1.MSUv7.0      -            268 RNase_H              PF00075.30   141     9e-05   24.2   0.0   1   1   3.2e-08   0.00015   23.4   0.0     5    73   118   193   115   247 0.81 -

LOC_Os08g09440.1.MSUv7.0      -            394 RNase_H              PF00075.30   141   0.00041   22.0   0.5   2   2   2.3e-07    0.0011   20.6   0.0     6    98   243   338   238   372 0.66 -

LOC_Os02g06215.1.MSUv7.0      -            441 RNase_H              PF00075.30   141   0.00061   21.5   0.1   3   3   1.6e-06    0.0074   18.0   0.0     6    75   286   362   282   380 0.79 -

LOC_Os08g19890.1.MSUv7.0      -           1750 RNase_H              PF00075.30   141   0.00099   20.8   0.0   1   1   6.3e-07     0.003   19.2   0.0     5   119  1235  1342  1232  1358 0.64 -

LOC_Os02g07860.1.MSUv7.0      -            257 RNase_H              PF00075.30   141    0.0018   19.9   0.0   1   1   6.1e-07    0.0029   19.3   0.0     8   125   108   230   102   236 0.64 -

LOC_Os12g05160.1.MSUv7.0      -            335 RNase_H              PF00075.30   141    0.0023   19.6   0.0   1   1     9e-07    0.0043   18.7   0.0     6   139   164   288   159   289 0.76 -

LOC_Os12g33140.1.MSUv7.0      -            215 RNase_H              PF00075.30   141     0.005   18.5   0.0   1   1   1.5e-06    0.0074   18.0   0.0     4    76    63   141    60   174 0.78 -

LOC_Os10g34140.1.MSUv7.0      -            243 RNase_H              PF00075.30   141    0.0082   17.8   0.0   1   1   3.4e-06     0.016   16.9   0.0     5    76    87   165    83   186 0.80 -

